-4.00000000e-001 -4.00000000e-001 -2.88712321e-003 8.64992860e-003 7.87905271e-003 -7.86665276e-002 -4.33394221e-002 8.52309108e-002 9.00379400e-002 -1.35236018e-003 -2.27760069e-004
-2.00000000e-001 -4.00000000e-001 -3.09301390e-002 1.96848583e-002 7.55523674e-003 -1.38711221e-001 -2.77451835e-001 1.30221335e-002 1.46434100e-001 -1.02167409e-003 -3.74994980e-003
0.00000000e+000 -4.00000000e-001 -4.87854714e-002 1.42551500e-002 7.77611719e-003 -4.66242588e-002 -3.92754887e-001 -6.81528806e-002 7.65406043e-002 3.87693453e-003 -5.85482022e-003
2.00000000e-001 -4.00000000e-001 -4.80773730e-002 -3.90686841e-003 8.89611809e-003 8.77173200e-002 -3.12718060e-001 -8.36648942e-002 -7.63326963e-002 5.96582566e-003 -3.10425699e-003
4.00000000e-001 -4.00000000e-001 -1.24685118e-002 -8.65234612e-003 9.73476544e-003 1.76284688e-001 -9.14934310e-002 5.35647305e-002 -9.85901316e-002 2.45337695e-003 -2.25404576e-003
-4.00000000e-001 -2.00000000e-001 -1.17269233e-002 3.14811130e-002 7.55589681e-003 -1.89251573e-001 -1.45195380e-002 2.31977013e-001 1.68435014e-001 -4.71761663e-003 -4.69521439e-003
-2.00000000e-001 -2.00000000e-001 -6.12678289e-002 3.94612434e-002 6.16054698e-003 -2.05894790e-001 -2.84419150e-002 -6.35806983e-002 1.79952321e-001 -7.78878921e-003 -1.05383432e-002
0.00000000e+000 -2.00000000e-001 -8.12479054e-002 1.48337814e-002 5.42260347e-003 -2.83314990e-003 -1.03093856e-002 -2.18099045e-001 2.08252384e-002 4.47398447e-003 -2.04219348e-002
2.00000000e-001 -2.00000000e-001 -6.49487197e-002 -3.27689383e-002 7.42775326e-003 1.59172215e-001 -2.58805579e-002 -2.31410807e-001 -1.64751912e-001 9.66563098e-003 -1.44593866e-002
4.00000000e-001 -2.00000000e-001 -2.18660065e-002 -4.61313127e-002 8.57716946e-003 2.38807299e-001 -5.62267928e-002 2.81113537e-001 -3.44907656e-001 2.49732600e-003 -2.40060661e-002
-4.00000000e-001 0.00000000e+000 -6.61428058e-003 6.52790692e-002 5.90426481e-003 -1.22437605e-001 3.53530486e-002 4.13360021e-001 1.38494419e-001 -6.16560542e-003 -1.12226994e-002
-2.00000000e-001 0.00000000e+000 -4.39982163e-002 7.84860214e-002 3.65049071e-003 -1.77757399e-001 1.42193529e-001 -6.38274309e-002 7.94053391e-002 -1.94048139e-002 -1.55159111e-002
0.00000000e+000 0.00000000e+000 -6.55961772e-002 2.87456120e-002 0.00000000e+000 -3.94789881e-002 1.44300151e-001 -4.25586061e-001 1.06617090e-001 -4.34544764e-003 -3.23890490e-002
2.00000000e-001 0.00000000e+000 -6.64664481e-002 -6.51535881e-002 1.59711304e-003 2.20052322e-002 1.32137302e-002 -6.32016087e-001 -2.82984597e-001 3.61329370e-003 -5.41360799e-002
4.00000000e-001 0.00000000e+000 -3.77519723e-002 -1.33846557e-001 5.08477292e-004 3.17668759e-001 -9.65689017e-002 7.08069558e-001 -4.43749300e-001 -4.35365478e-003 -4.55285419e-002
-4.00000000e-001 2.00000000e-001 3.75543972e-003 8.59882535e-002 3.66696626e-003 2.80902571e-003 1.33422401e-002 4.29306354e-001 3.27187734e-002 -5.88778046e-003 -9.67310410e-003
-2.00000000e-001 2.00000000e-001 -2.78432877e-003 8.04477476e-002 1.23436682e-003 1.24202034e-002 2.32761715e-001 -4.59851914e-002 -7.35950543e-003 -2.37284529e-002 -1.01410634e-003
0.00000000e+000 2.00000000e-001 3.63051630e-003 4.86486498e-002 -4.87512167e-003 -6.42757395e-002 4.25024503e-001 -4.42005972e-001 9.62895379e-002 -3.01018873e-002 -5.72808496e-003
2.00000000e-001 2.00000000e-001 -2.71931121e-002 -1.00527982e-001 -8.14752009e-003 -1.74760872e-001 2.87517850e-001 -8.11020194e-001 4.28054187e-001 1.22290349e-002 -1.62564342e-002
4.00000000e-001 2.00000000e-001 -5.31130131e-002 -1.89430003e-001 -1.19374169e-003 2.23807383e-001 7.96354619e-002 8.69705004e-001 1.30412603e-001 2.60052167e-002 1.06071919e-001
-4.00000000e-001 4.00000000e-001 7.10802949e-002 7.32159816e-002 2.48453058e-003 4.46136740e-001 5.00916367e+000 3.86419775e-001 -4.29686147e-001 2.41987521e-003 -3.03582219e-003
-2.00000000e-001 4.00000000e-001 1.06224604e-001 6.84237706e-002 2.64683015e-003 3.06684758e-001 4.93093851e+000 -7.99621621e-002 -3.98432255e-001 -1.02874047e-002 5.41907993e-003
0.00000000e+000 4.00000000e-001 1.93273719e-001 5.25467458e-002 -2.96603743e-003 1.10505456e-001 4.83373962e+000 -1.15277213e-002 -3.00272471e-001 -3.96834039e-002 1.01272601e-002
2.00000000e-001 4.00000000e-001 1.58211805e-001 4.64205699e-002 -8.33076793e-003 5.57325536e-001 5.03786704e+000 -3.70413758e-001 9.60150190e-002 8.16634544e-002 -3.08480625e-006
4.00000000e-001 4.00000000e-001 3.11216310e-001 -5.27570324e-002 3.84730077e-002 -1.42065249e+000 5.16465366e+000 7.54838665e-002 7.56834485e-001 2.04537459e-001 1.57544388e-001
